0 0.444868803024292 0.1 3.6225578784942627 0.03350599855184555 0.1 2.3151352405548096
1 0.5270222425460815 0.1 6.817203044891357 0.0736038088798523 0.1 2.3860459327697754
2 0.2653653025627136 0.099 3.4076242446899414 0.02913699485361576 0.099 2.311436176300049
3 0.6083950400352478 0.1 4.657512664794922 0.04818136990070343 0.1 2.340579032897949
4 0.4245389401912689 0.1054 4.132312297821045 0.032888419926166534 0.1054 2.3276453018188477
5 0.43559327721595764 0.1059 5.168877601623535 0.045904044061899185 0.1059 2.3404881954193115
6 0.1954551339149475 0.1157 3.458531141281128 0.008390700444579124 0.1157 2.314709186553955
7 0.5616927146911621 0.1037 7.168315410614014 0.07727812975645065 0.1037 2.3848211765289307
8 0.2705586552619934 0.1051 3.3162894248962402 0.01974748633801937 0.1051 2.314415693283081
9 0.26071271300315857 0.1303 2.996946096420288 0.004920631181448698 0.1303 2.2986817359924316
10 0.23455463349819183 0.1372 3.1755425930023193 0.005354599561542273 0.1372 2.3054473400115967
11 0.6580561995506287 0.1003 4.354093074798584 0.049612224102020264 0.1003 2.3062283992767334
12 0.27542513608932495 0.1392 3.9576456546783447 0.006043361499905586 0.1392 2.315589666366577
13 0.3083401024341583 0.1337 3.9964687824249268 0.01913416013121605 0.1337 2.277113437652588
14 0.18538203835487366 0.1493 2.684828042984009 0.005212744232267141 0.1493 2.271991729736328
15 0.5253602862358093 0.1007 3.614058256149292 0.03658905625343323 0.1007 2.2999627590179443
16 0.7898565530776978 0.1017 6.175230979919434 0.08654244989156723 0.1017 2.3014843463897705
17 0.5273293852806091 0.1109 4.05066442489624 0.033249255269765854 0.1109 2.296435594558716
18 0.25290390849113464 0.155 2.6772282123565674 0.008281420916318893 0.155 2.252845048904419
19 0.46259739995002747 0.1403 5.986520767211914 0.04019865393638611 0.1403 2.3328943252563477
20 0.8414733409881592 0.1001 7.684127330780029 0.1050279289484024 0.1001 2.3617920875549316
21 0.5410994291305542 0.1086 4.308321952819824 0.044746942818164825 0.1086 2.2826929092407227
22 0.4740576148033142 0.1409 6.839836120605469 0.056696876883506775 0.1409 2.3543238639831543
23 0.17765013873577118 0.2486 2.549227237701416 0.07165869325399399 0.2486 2.153827667236328
24 0.5103124380111694 0.1031 3.14351749420166 0.03287958726286888 0.1031 2.2713229656219482
25 0.6141118407249451 0.1436 4.430635452270508 0.016407035291194916 0.1436 2.262406349182129
26 0.8095680475234985 0.1016 7.817293643951416 0.10990414023399353 0.1016 2.3467612266540527
27 0.3476252257823944 0.1129 3.132955312728882 0.02438446506857872 0.1129 2.2893869876861572
28 0.4011017382144928 0.1271 3.5959410667419434 0.01643661968410015 0.1271 2.2703700065612793
29 0.5396072864532471 0.1341 3.2403786182403564 0.015169739723205566 0.1341 2.2441537380218506
30 0.3132745325565338 0.1579 3.700207471847534 0.01586770825088024 0.1579 2.2644739151000977
31 0.23376893997192383 0.2437 3.0174241065979004 0.03691575676202774 0.2437 2.259185552597046
32 0.5318468809127808 0.1478 4.987706184387207 0.037670932710170746 0.1478 2.25661563873291
33 0.3567206561565399 0.2557 2.631016492843628 0.023329023271799088 0.2557 2.008791446685791
34 0.5666693449020386 0.1049 4.222828388214111 0.0414222776889801 0.1049 2.3085837364196777
35 0.5652074813842773 0.1457 4.8250298500061035 0.02447754144668579 0.1457 2.271611452102661
36 0.3508230447769165 0.1825 3.0863637924194336 0.020233098417520523 0.1825 2.2140042781829834
37 0.27017083764076233 0.1928 3.355971097946167 0.017610469833016396 0.1928 2.2774131298065186
38 0.37343868613243103 0.1491 4.680288314819336 0.007611763663589954 0.1491 2.313589334487915
39 0.3191263973712921 0.2725 2.978184700012207 0.04576438292860985 0.2725 2.0963118076324463
40 0.5496442317962646 0.1733 4.448643684387207 0.011167485266923904 0.1733 2.2623937129974365
41 0.48117750883102417 0.1296 4.9231109619140625 0.03848813474178314 0.1296 2.291808843612671
42 0.5408945083618164 0.1513 3.64563250541687 0.0047059496864676476 0.1513 2.2522428035736084
43 0.3632524013519287 0.1878 3.2247815132141113 0.026991043239831924 0.1878 2.2044076919555664
44 0.7052422165870667 0.1191 4.389936923980713 0.04570549353957176 0.1191 2.2637977600097656
45 0.2872113585472107 0.1896 3.592134475708008 0.02108343318104744 0.1896 2.251298189163208
46 0.5152933597564697 0.1738 3.5342483520507812 0.015635084360837936 0.1738 2.209772825241089
47 0.4076063930988312 0.1825 3.1257481575012207 0.027305947616696358 0.1825 2.1871299743652344
48 0.34915563464164734 0.1828 3.1198790073394775 0.009295235387980938 0.1828 2.192094564437866
49 0.19539064168930054 0.2418 2.5598480701446533 0.023345021530985832 0.2418 2.1316938400268555
50 0.8000975847244263 0.1033 5.586653232574463 0.07228017598390579 0.1033 2.2947022914886475
51 0.5169767141342163 0.164 5.111997604370117 0.05405375733971596 0.164 2.2550151348114014
52 0.46876072883605957 0.1586 3.6661899089813232 0.022691912949085236 0.1586 2.2585549354553223
53 0.46399667859077454 0.1687 3.8475217819213867 0.01732167787849903 0.1687 2.239515542984009
54 0.4626304507255554 0.143 5.037322998046875 0.02665637619793415 0.143 2.2993874549865723
55 0.6566325426101685 0.1152 5.289667129516602 0.07519643008708954 0.1152 2.300898313522339
56 0.6764624714851379 0.1088 5.2704081535339355 0.06602862477302551 0.1088 2.304053783416748
57 0.5728879570960999 0.1668 5.40643835067749 0.06743262708187103 0.1668 2.237332344055176
58 0.3671974241733551 0.156 3.0356028079986572 0.013027900829911232 0.156 2.2552671432495117
59 0.31783610582351685 0.2346 2.7539825439453125 0.04855561628937721 0.2346 2.09989333152771
60 0.3787471354007721 0.1569 3.4257190227508545 0.016130488365888596 0.1569 2.2464237213134766
61 0.16050226986408234 0.2866 2.8595468997955322 0.02890491671860218 0.2866 2.299288511276245
62 0.3478330373764038 0.2074 3.3050284385681152 0.04243045672774315 0.2074 2.1790835857391357
63 0.3421180546283722 0.2029 2.4361162185668945 0.0271996408700943 0.2029 2.114166498184204
64 0.3343614637851715 0.2393 2.5422096252441406 0.037753377109766006 0.2393 2.0577263832092285
65 0.745154619216919 0.1485 6.086611270904541 0.06738356500864029 0.1485 2.220688819885254
66 0.7190898060798645 0.1187 5.256437301635742 0.08310440182685852 0.1187 2.274075508117676
67 0.5367505550384521 0.1988 4.4565935134887695 0.04576929658651352 0.1988 2.1897144317626953
68 0.3766764998435974 0.1802 3.095107078552246 0.02750512585043907 0.1802 2.2039151191711426
69 0.5481410622596741 0.1506 3.770113706588745 0.035198912024497986 0.1506 2.2180724143981934
70 0.22074532508850098 0.2496 2.4582972526550293 0.07077642530202866 0.2496 2.1155595779418945
71 0.5070586204528809 0.1255 5.253377914428711 0.03300268575549126 0.1255 2.325908660888672
72 0.37001773715019226 0.2817 2.5327630043029785 0.02304293029010296 0.2817 1.9728392362594604
73 0.13525812327861786 0.3762 1.9232909679412842 0.01810058392584324 0.3762 1.8026131391525269
74 0.48699772357940674 0.2393 3.118802547454834 0.05929701402783394 0.2393 2.0851664543151855
75 0.2893270254135132 0.2783 2.5892114639282227 0.04914364591240883 0.2783 2.0423543453216553
76 0.2634373903274536 0.2144 2.8430473804473877 0.009686931036412716 0.2144 2.2137887477874756
77 0.45926856994628906 0.2144 3.9892616271972656 0.013346226885914803 0.2144 2.184634208679199
78 0.3050341010093689 0.2236 3.2366714477539062 0.044998180121183395 0.2236 2.200748920440674
79 0.23654837906360626 0.318 2.3837761878967285 0.07425381243228912 0.318 1.9495943784713745
80 0.2545711100101471 0.3084 2.5518434047698975 0.02959759719669819 0.3084 1.9910826683044434
81 0.5226382613182068 0.1284 3.5901215076446533 0.02026226930320263 0.1284 2.2624752521514893
82 0.5096692442893982 0.141 4.105338096618652 0.02570117637515068 0.141 2.244020700454712
83 0.3857937753200531 0.2404 3.2040352821350098 0.03706876188516617 0.2404 2.162898063659668
84 0.48144203424453735 0.1961 4.212902545928955 0.016122013330459595 0.1961 2.1904075145721436
85 0.2426002025604248 0.3596 2.532189130783081 0.06104966998100281 0.3596 1.950703501701355
86 0.3303406536579132 0.2302 3.3365464210510254 0.05002005770802498 0.2302 2.176321506500244
87 0.7872960567474365 0.1156 10.67744255065918 0.15096262097358704 0.1156 2.4190869331359863
88 0.3480568826198578 0.2265 2.849750280380249 0.05387166142463684 0.2265 2.111081600189209
89 0.6162091493606567 0.1496 5.238641262054443 0.03192542493343353 0.1496 2.2770090103149414
90 0.1867561936378479 0.312 2.1944587230682373 0.015190084464848042 0.312 1.9938912391662598
91 0.39272862672805786 0.2198 3.5449609756469727 0.05498781055212021 0.2198 2.1769328117370605
92 0.4119449257850647 0.1969 3.329815626144409 0.03423301875591278 0.1969 2.183955430984497
93 0.45433902740478516 0.1919 3.3870511054992676 0.006109163165092468 0.1919 2.183027982711792
94 0.40861862897872925 0.2245 3.4961676597595215 0.04393583536148071 0.2245 2.1571621894836426
95 0.4222322404384613 0.203 2.917531728744507 0.047115787863731384 0.203 2.146291971206665
96 0.12918341159820557 0.4307 1.8775099515914917 0.03059631772339344 0.4307 1.7105181217193604
97 0.19225768744945526 0.3741 2.3354878425598145 0.023675119504332542 0.3741 1.9218217134475708
98 0.6450867652893066 0.1416 7.112348556518555 0.0771440863609314 0.1416 2.323019027709961
99 0.2995203137397766 0.4215 2.1664798259735107 0.024995535612106323 0.4215 1.669677972793579
100 0.19535258412361145 0.2801 2.709254741668701 0.09342803806066513 0.2801 2.1168246269226074
101 0.29312971234321594 0.2888 2.398738145828247 0.02193746529519558 0.2888 1.9499998092651367
102 0.3003370463848114 0.2264 3.3497745990753174 0.026787078008055687 0.2264 2.252821683883667
103 0.5452402830123901 0.177 3.3952999114990234 0.016395192593336105 0.177 2.1843137741088867
104 0.69671630859375 0.1292 5.082831859588623 0.07058501243591309 0.1292 2.223339319229126
105 0.34721142053604126 0.2167 3.2148449420928955 0.047653310000896454 0.2167 2.1562538146972656
106 0.26581940054893494 0.2339 2.7860357761383057 0.05029459297657013 0.2339 2.1455044746398926
107 0.3741113543510437 0.2448 3.3495936393737793 0.0635061040520668 0.2448 2.1295647621154785
108 0.5507095456123352 0.148 4.614427089691162 0.03678465634584427 0.148 2.2760727405548096
109 0.23355340957641602 0.3015 2.6765143871307373 0.019209912046790123 0.3015 2.0931787490844727
110 0.16801583766937256 0.2648 2.6958043575286865 0.01666256971657276 0.2648 2.236945390701294
111 0.25885167717933655 0.2317 2.818382740020752 0.04373177886009216 0.2317 2.1394951343536377
112 0.23075121641159058 0.3292 2.4209401607513428 0.0313897468149662 0.3292 1.9791005849838257
113 0.3415135443210602 0.2427 2.7059764862060547 0.040122322738170624 0.2427 2.0429136753082275
114 0.28659024834632874 0.2323 2.8560357093811035 0.045220039784908295 0.2323 2.140705108642578
115 0.43263810873031616 0.232 3.7712793350219727 0.02706896886229515 0.232 2.139299154281616
116 0.3840365707874298 0.2078 3.3576536178588867 0.03241671249270439 0.2078 2.1887338161468506
117 0.30318042635917664 0.3119 2.603288173675537 0.04806065186858177 0.3119 1.9302133321762085
118 0.5993443727493286 0.1374 4.102993011474609 0.042294763028621674 0.1374 2.2137012481689453
119 0.3352416157722473 0.2591 2.407848596572876 0.07250849902629852 0.2591 2.0072503089904785
120 0.1734790802001953 0.3823 2.0468127727508545 0.043029237538576126 0.3823 1.7723122835159302
121 0.45622313022613525 0.1927 3.9235589504241943 0.04550773277878761 0.1927 2.1813223361968994
122 0.3326131999492645 0.284 3.2006161212921143 0.07729623466730118 0.284 2.0546658039093018
123 0.2633853852748871 0.2489 2.5737342834472656 0.020020222291350365 0.2489 2.104599952697754
124 0.6478228569030762 0.1463 5.720667839050293 0.07040239125490189 0.1463 2.2337374687194824
125 0.19868746399879456 0.3931 1.9154726266860962 0.040167003870010376 0.3931 1.7246242761611938
126 0.43420296907424927 0.2197 4.158758640289307 0.028298718854784966 0.2197 2.20394229888916
127 0.6955227851867676 0.1405 4.55905294418335 0.05436311662197113 0.1405 2.233903169631958
128 0.44979050755500793 0.201 3.1667320728302 0.03911565989255905 0.201 2.156337022781372
129 0.13240675628185272 0.3863 1.8332440853118896 0.027148503810167313 0.3863 1.746834397315979
130 0.665876567363739 0.1432 5.465690612792969 0.06775666028261185 0.1432 2.2380495071411133
131 0.33807575702667236 0.2509 3.1529831886291504 0.04832125082612038 0.2509 2.103444814682007
132 0.24940267205238342 0.3336 2.4996135234832764 0.06271787732839584 0.3336 1.954822063446045
133 0.2688654065132141 0.2552 3.1371331214904785 0.05500270798802376 0.2552 2.2445032596588135
134 0.6786009073257446 0.1739 5.205386161804199 0.037984635680913925 0.1739 2.1767234802246094
135 0.28919821977615356 0.2222 2.5925934314727783 0.05012586712837219 0.2222 2.1570141315460205
136 0.45796239376068115 0.1835 3.666555404663086 0.030859025195240974 0.1835 2.2122459411621094
137 0.4630981683731079 0.222 4.341852188110352 0.046794358640909195 0.222 2.196436882019043
138 0.032755982130765915 0.3207 2.1110267639160156 0.03931256756186485 0.3207 2.086211681365967
139 0.15711835026741028 0.3826 2.1653077602386475 0.02517521008849144 0.3826 1.8883579969406128
140 0.25310835242271423 0.2391 2.8054399490356445 0.037817325443029404 0.2391 2.170950174331665
141 0.41719529032707214 0.1974 3.2470452785491943 0.04194221645593643 0.1974 2.1774251461029053
142 0.5188207626342773 0.2632 3.5583879947662354 0.031121134757995605 0.2632 2.001504421234131
143 0.6003438234329224 0.1264 4.012264728546143 0.03003540448844433 0.1264 2.243990898132324
144 0.3874865174293518 0.2123 2.863704204559326 0.0393313430249691 0.2123 2.1682980060577393
145 0.3354646861553192 0.2288 3.2333409786224365 0.02246013656258583 0.2288 2.2162320613861084
146 0.4701462686061859 0.2418 3.5891430377960205 0.02387995459139347 0.2418 2.118199586868286
147 0.4515816867351532 0.2269 3.565438747406006 0.02733313851058483 0.2269 2.16017746925354
148 0.27728837728500366 0.2941 2.545832633972168 0.03189472854137421 0.2941 2.0071094036102295
149 0.21661324799060822 0.4999 2.024657726287842 0.02098909206688404 0.4999 1.5497099161148071
150 0.21493196487426758 0.5476 1.7827816009521484 0.02871266007423401 0.5476 1.3582947254180908
151 0.2434360533952713 0.5216 2.033859968185425 0.03138209879398346 0.5216 1.435489296913147
152 0.21718072891235352 0.5903 1.7980871200561523 0.014459436759352684 0.5903 1.2720390558242798
153 0.32857146859169006 0.4702 2.5918028354644775 0.01321022491902113 0.4702 1.5473939180374146
154 0.31984204053878784 0.4815 2.7524168491363525 0.015576126053929329 0.4815 1.571150541305542
155 0.26728153228759766 0.5414 2.1109015941619873 0.0185225922614336 0.5414 1.36648428440094
156 0.2356783151626587 0.6019 1.6959396600723267 0.033346645534038544 0.6019 1.1713968515396118
157 0.2015434205532074 0.6529 1.473769187927246 0.016198396682739258 0.6529 1.0425350666046143
158 0.2113005518913269 0.6421 1.5616888999938965 0.016942724585533142 0.6421 1.0701225996017456
159 0.15272241830825806 0.7387 1.073427438735962 0.01739792339503765 0.7387 0.7877916097640991
160 0.1494103968143463 0.7416 1.0541141033172607 0.014667315408587456 0.7416 0.7665253281593323
161 0.20746855437755585 0.6777 1.5621260404586792 0.018693087622523308 0.6777 0.9863031506538391
162 0.21794331073760986 0.6747 1.6032750606536865 0.010666485875844955 0.6747 0.9757673144340515
163 0.1873171627521515 0.7139 1.3922721147537231 0.014351122081279755 0.7139 0.8786962628364563
164 0.26357224583625793 0.6345 2.0042178630828857 0.023374062031507492 0.6345 1.0981065034866333
165 0.21386726200580597 0.6606 1.6921753883361816 0.020390424877405167 0.6606 1.0496643781661987
166 0.2290334552526474 0.6621 1.776381492614746 0.016285866498947144 0.6621 1.036369800567627
167 0.2568551301956177 0.6404 2.0342276096343994 0.014473632909357548 0.6404 1.096449851989746
168 0.17347419261932373 0.7403 1.3063081502914429 0.019412079825997353 0.7403 0.8064252734184265
169 0.15997451543807983 0.7604 1.1512126922607422 0.017680685967206955 0.7604 0.7327795624732971
170 0.20733295381069183 0.7009 1.5431939363479614 0.01922932267189026 0.7009 0.9056138396263123
171 0.1343553364276886 0.7844 0.9867138862609863 0.016194723546504974 0.7844 0.6683485507965088
172 0.14701735973358154 0.7782 1.03139066696167 0.011170992627739906 0.7782 0.669532060623169
173 0.20420503616333008 0.7031 1.612109661102295 0.019120117649435997 0.7031 0.9231029152870178
174 0.17408648133277893 0.7551 1.363464593887329 0.02880840003490448 0.7551 0.7906390428543091
175 0.17850831151008606 0.7408 1.3596960306167603 0.013670758344233036 0.7408 0.808438777923584
176 0.2010444700717926 0.713 1.5737813711166382 0.021339502185583115 0.713 0.8981159329414368
177 0.15475896000862122 0.7684 1.1056419610977173 0.014865785837173462 0.7684 0.7113602757453918
178 0.12034545838832855 0.8115 0.8730372190475464 0.010288840159773827 0.8115 0.5862189531326294
179 0.12929190695285797 0.8073 0.9494497776031494 0.00985785387456417 0.8073 0.6036524176597595
180 0.15117350220680237 0.7723 1.1088508367538452 0.014467778615653515 0.7723 0.7073463201522827
181 0.13874505460262299 0.7936 1.0336915254592896 0.011506189592182636 0.7936 0.65426105260849
182 0.11018480360507965 0.8363 0.8053461909294128 0.010375217534601688 0.8363 0.517526388168335
183 0.10965348035097122 0.8323 0.7795875072479248 0.017213044688105583 0.8323 0.524139404296875
184 0.08831943571567535 0.8637 0.6286497116088867 0.009300461038947105 0.8637 0.42545610666275024
185 0.09858348220586777 0.8422 0.7223522663116455 0.012601621448993683 0.8422 0.5024698376655579
186 0.1384972631931305 0.791 1.0067728757858276 0.010734818875789642 0.791 0.6497665643692017
187 0.12264634668827057 0.8134 0.9195029139518738 0.019935036078095436 0.8134 0.6004043221473694
188 0.09343051165342331 0.8558 0.688227653503418 0.0075414446182549 0.8558 0.4616127014160156
189 0.07772894203662872 0.8731 0.5191286206245422 0.01056481059640646 0.8731 0.3841479420661926
190 0.09900777041912079 0.8493 0.697120726108551 0.006785940378904343 0.8493 0.4753018617630005
191 0.11129765957593918 0.8366 0.766768753528595 0.009357652626931667 0.8366 0.5061814785003662
192 0.13251608610153198 0.8118 0.9332263469696045 0.010657798498868942 0.8118 0.5837156772613525
193 0.09037283807992935 0.8625 0.6320920586585999 0.0038899017963558435 0.8625 0.4289810061454773
194 0.09040205925703049 0.8622 0.6394490003585815 0.010075775906443596 0.8622 0.43834561109542847
195 0.092654287815094 0.8619 0.654456615447998 0.01238060463219881 0.8619 0.4375721216201782
196 0.07980920374393463 0.8754 0.5640411972999573 0.007488872390240431 0.8754 0.39447522163391113
197 0.09612612426280975 0.8547 0.708296000957489 0.011607077904045582 0.8547 0.4738224744796753
198 0.06776608526706696 0.8938 0.48424023389816284 0.008845970965921879 0.8938 0.34261494874954224
199 0.08083456009626389 0.8705 0.5785549283027649 0.008623507805168629 0.8705 0.41330528259277344
200 0.08706425130367279 0.8693 0.5865413546562195 0.005387321580201387 0.8693 0.40744662284851074
201 0.09091299772262573 0.8575 0.6257854700088501 0.01096999179571867 0.8575 0.44591736793518066
202 0.09866449981927872 0.8602 0.6884836554527283 0.005999660585075617 0.8602 0.44793301820755005
203 0.07270191609859467 0.8831 0.5232872366905212 0.010586313903331757 0.8831 0.3773570656776428
204 0.080619215965271 0.8764 0.5805988907814026 0.012446892447769642 0.8764 0.39974457025527954
205 0.07631701976060867 0.885 0.5487361550331116 0.009571859613060951 0.885 0.38130518794059753
206 0.08845148980617523 0.8658 0.618950366973877 0.010978992097079754 0.8658 0.43040937185287476
207 0.07570276409387589 0.8812 0.5252400636672974 0.006044057663530111 0.8812 0.37526649236679077
208 0.06313063204288483 0.8959 0.4421142041683197 0.010286575183272362 0.8959 0.33060064911842346
209 0.06617197394371033 0.8955 0.453669935464859 0.008636378683149815 0.8955 0.3315694332122803
210 0.06043026223778725 0.9053 0.402218759059906 0.012373623438179493 0.9053 0.29689472913742065
211 0.06039273738861084 0.9041 0.4025009870529175 0.010149716399610043 0.9041 0.3056609034538269
212 0.06418687105178833 0.8975 0.4473342299461365 0.004947218578308821 0.8975 0.32963380217552185
213 0.06637599319219589 0.8928 0.4430440366268158 0.007965384982526302 0.8928 0.3344140946865082
214 0.06723755598068237 0.8943 0.4919935166835785 0.007067203521728516 0.8943 0.3525131046772003
215 0.07063693553209305 0.8945 0.4785778224468231 0.007005108520388603 0.8945 0.33737900853157043
216 0.06588156521320343 0.8974 0.46772685647010803 0.007369928993284702 0.8974 0.3369484543800354
217 0.07908859848976135 0.8837 0.5050033330917358 0.014842736534774303 0.8837 0.3596198856830597
218 0.05542445927858353 0.9104 0.38160380721092224 0.007149476557970047 0.9104 0.28983017802238464
219 0.05578632280230522 0.9099 0.39593830704689026 0.013414641842246056 0.9099 0.2947019636631012
220 0.06253204494714737 0.9013 0.4420657753944397 0.010217645205557346 0.9013 0.32611504197120667
221 0.055959682911634445 0.909 0.3736574947834015 0.009092338383197784 0.909 0.290737122297287
222 0.06674766540527344 0.8964 0.4459788203239441 0.012802868150174618 0.8964 0.3282502293586731
223 0.04790063202381134 0.9189 0.33282744884490967 0.011189484968781471 0.9189 0.261537104845047
224 0.06370428949594498 0.9022 0.42698773741722107 0.013716679066419601 0.9022 0.3130715489387512
225 0.05444741249084473 0.9115 0.37317249178886414 0.0047971224412322044 0.9115 0.2830764055252075
226 0.05029696971178055 0.9151 0.34596511721611023 0.008002741262316704 0.9151 0.2698974013328552
227 0.05099192261695862 0.9156 0.3440488874912262 0.009486722759902477 0.9156 0.266500860452652
228 0.05490810424089432 0.9104 0.38235974311828613 0.011087645776569843 0.9104 0.2922918498516083
229 0.04907233268022537 0.9176 0.3394143879413605 0.007979568094015121 0.9176 0.26516908407211304
230 0.04848330467939377 0.918 0.33364784717559814 0.005777423735707998 0.918 0.26326197385787964
231 0.058560438454151154 0.907 0.379831463098526 0.009359098970890045 0.907 0.2923341691493988
232 0.042583901435136795 0.9284 0.286437451839447 0.008663030341267586 0.9284 0.23000161349773407
233 0.04530882462859154 0.9212 0.3159657120704651 0.011239570565521717 0.9212 0.252001017332077
234 0.048352427780628204 0.9181 0.32497382164001465 0.006745228078216314 0.9181 0.2584417760372162
235 0.049702249467372894 0.9162 0.3440481126308441 0.010353786870837212 0.9162 0.27002131938934326
236 0.05314671993255615 0.9078 0.3611348271369934 0.011205238290131092 0.9078 0.2900969386100769
237 0.05418848246335983 0.9062 0.36133015155792236 0.010027660988271236 0.9062 0.29302698373794556
238 0.05664192885160446 0.9085 0.38751256465911865 0.010227484628558159 0.9085 0.2965189814567566
239 0.045963630080223083 0.9201 0.30889812111854553 0.013102909550070763 0.9201 0.25361746549606323
240 0.046743202954530716 0.9203 0.3338523805141449 0.010377632454037666 0.9203 0.2650834619998932
241 0.047513753175735474 0.9187 0.3261261284351349 0.008975153788924217 0.9187 0.2609817087650299
242 0.05480509251356125 0.9109 0.37326186895370483 0.008234280161559582 0.9109 0.2912939488887787
243 0.04903395473957062 0.916 0.3356429934501648 0.010126746259629726 0.916 0.2683042585849762
244 0.048006437718868256 0.9197 0.3159174919128418 0.0078114732168614864 0.9197 0.25370296835899353
245 0.04965432733297348 0.9155 0.33858004212379456 0.008495808579027653 0.9155 0.27102920413017273
246 0.04730375111103058 0.9194 0.31744956970214844 0.005765000358223915 0.9194 0.25684550404548645
247 0.05337657779455185 0.9134 0.33908602595329285 0.013748257420957088 0.9134 0.26796749234199524
248 0.04738564416766167 0.9223 0.32699522376060486 0.010098387487232685 0.9223 0.25616899132728577
249 0.03462093323469162 0.943 0.2337719053030014 0.008300432935357094 0.943 0.18761387467384338
250 0.03634669631719589 0.9429 0.24263203144073486 0.010079990141093731 0.9429 0.18690045177936554
251 0.03676014766097069 0.945 0.24827224016189575 0.01019760500639677 0.945 0.18361343443393707
252 0.038049425929784775 0.9457 0.2552931010723114 0.007685405667871237 0.9457 0.18096525967121124
253 0.03734429553151131 0.9477 0.25196945667266846 0.010808110237121582 0.9477 0.17429301142692566
254 0.037965551018714905 0.9476 0.2655399441719055 0.009554141201078892 0.9476 0.17858442664146423
255 0.039340101182460785 0.9481 0.27838635444641113 0.012411519885063171 0.9481 0.1800081729888916
256 0.0375102162361145 0.9499 0.27250343561172485 0.009692423976957798 0.9499 0.17462804913520813
257 0.03961348161101341 0.9483 0.28450095653533936 0.010335119441151619 0.9483 0.17886695265769958
258 0.038010597229003906 0.9502 0.28865909576416016 0.011220429092645645 0.9502 0.17724040150642395
259 0.040548741817474365 0.9488 0.2994154393672943 0.010469062253832817 0.9488 0.17916087806224823
260 0.03996274620294571 0.9492 0.30270326137542725 0.011637238785624504 0.9492 0.17928200960159302
261 0.04041529446840286 0.9501 0.3113887310028076 0.010376179590821266 0.9501 0.17876794934272766
262 0.040809713304042816 0.9492 0.31700509786605835 0.010478038340806961 0.9492 0.1819436103105545
263 0.04039128124713898 0.9498 0.3205546736717224 0.011225876398384571 0.9498 0.18210314214229584
264 0.04247532784938812 0.9474 0.32919180393218994 0.013812066987156868 0.9474 0.18512816727161407
265 0.040675826370716095 0.9488 0.3314628303050995 0.013597827404737473 0.9488 0.18591845035552979
266 0.041979819536209106 0.9485 0.3288562595844269 0.012976542115211487 0.9485 0.18208366632461548
267 0.04220971465110779 0.9487 0.3393402695655823 0.011340776458382607 0.9487 0.1856365203857422
268 0.04154713824391365 0.9492 0.3390958905220032 0.011738529428839684 0.9492 0.18494050204753876
269 0.042477402836084366 0.9481 0.3520152270793915 0.012495418079197407 0.9481 0.19014954566955566
270 0.04186555743217468 0.9491 0.34045538306236267 0.011757684871554375 0.9491 0.18401844799518585
271 0.04283074662089348 0.9488 0.34909847378730774 0.014678400941193104 0.9488 0.185796320438385
272 0.04212521016597748 0.9502 0.351640522480011 0.00957450084388256 0.9502 0.1851242482662201
273 0.0419263057410717 0.9496 0.34208932518959045 0.013097641989588737 0.9496 0.18252715468406677
274 0.043411917984485626 0.9481 0.3541938364505768 0.015211726538836956 0.9481 0.1869918555021286
275 0.0426308773458004 0.9487 0.3628426194190979 0.015859276056289673 0.9487 0.18972955644130707
276 0.04299084097146988 0.9494 0.35507023334503174 0.01525920070707798 0.9494 0.18587125837802887
277 0.042726874351501465 0.949 0.3587229251861572 0.01595941372215748 0.949 0.18693147599697113
278 0.042027510702610016 0.9495 0.3587711453437805 0.010985983535647392 0.9495 0.18690070509910583
279 0.04219891130924225 0.9495 0.3559769093990326 0.010775426402688026 0.9495 0.18560558557510376
280 0.04236624762415886 0.95 0.3652711808681488 0.011464690789580345 0.95 0.1886553019285202
281 0.044214747846126556 0.9475 0.3678894340991974 0.013425386510789394 0.9475 0.1892235428094864
282 0.04286830872297287 0.9493 0.3668206036090851 0.012182792648673058 0.9493 0.1884937286376953
283 0.04212293401360512 0.9505 0.36044541001319885 0.012174775823950768 0.9505 0.18582145869731903
284 0.04149001091718674 0.9511 0.3593234717845917 0.011435262858867645 0.9511 0.18423707783222198
285 0.0429646261036396 0.9495 0.3752357065677643 0.014078074134886265 0.9495 0.18995343148708344
286 0.041565947234630585 0.9514 0.36090877652168274 0.012058183550834656 0.9514 0.18498826026916504
287 0.0418415367603302 0.9506 0.3585990071296692 0.012503026984632015 0.9506 0.18422172963619232
288 0.04259783774614334 0.9495 0.3675801157951355 0.013837480917572975 0.9495 0.18700718879699707
289 0.041781939566135406 0.9511 0.3643326759338379 0.013089161366224289 0.9511 0.18470895290374756
290 0.04214069992303848 0.9499 0.35987672209739685 0.013007652014493942 0.9499 0.18466225266456604
291 0.04347487911581993 0.9492 0.36764344573020935 0.014409824274480343 0.9492 0.18657168745994568
292 0.042344093322753906 0.95 0.3635236918926239 0.013906649313867092 0.95 0.1855650097131729
293 0.04124440997838974 0.9515 0.35510480403900146 0.012839476577937603 0.9515 0.18218690156936646
294 0.041427627205848694 0.9511 0.3657244145870209 0.013380127027630806 0.9511 0.18529380857944489
295 0.041773244738578796 0.9508 0.36460667848587036 0.01332189328968525 0.9508 0.1850654035806656
296 0.04318710416555405 0.9497 0.3721684217453003 0.014781474135816097 0.9497 0.18829727172851562
297 0.0433674156665802 0.9491 0.3757740557193756 0.014755981974303722 0.9491 0.18905825912952423
298 0.04326663911342621 0.9494 0.3699831962585449 0.01480664499104023 0.9494 0.18642988801002502
299 0.043883003294467926 0.9497 0.38065844774246216 0.015638697892427444 0.9497 0.1899084895849228
300 0.04419189691543579 0.9489 0.38023054599761963 0.015691787004470825 0.9489 0.18997542560100555
301 0.04398387670516968 0.949 0.37961339950561523 0.015365980565547943 0.949 0.18998436629772186
302 0.04363362491130829 0.9496 0.3818393647670746 0.015085723251104355 0.9496 0.19097723066806793
303 0.04236801713705063 0.9507 0.3817214369773865 0.014796820469200611 0.9507 0.19072136282920837
304 0.04346933960914612 0.9491 0.3831166625022888 0.015390281565487385 0.9491 0.191228449344635
305 0.04323209822177887 0.9497 0.37521106004714966 0.015924200415611267 0.9497 0.18806900084018707
306 0.04443507641553879 0.9488 0.38595783710479736 0.016616467386484146 0.9488 0.19209693372249603
307 0.04471983388066292 0.9487 0.3913508653640747 0.017314566299319267 0.9487 0.19403594732284546
308 0.04416443407535553 0.9491 0.3878530263900757 0.01598462462425232 0.9491 0.19302570819854736
309 0.04346796125173569 0.9499 0.39127588272094727 0.016050171107053757 0.9499 0.19359424710273743
310 0.044659607112407684 0.9489 0.3939380347728729 0.016724690794944763 0.9489 0.19490186870098114
311 0.043970055878162384 0.949 0.3924972712993622 0.016141891479492188 0.949 0.19464080035686493
312 0.043650586158037186 0.9495 0.38833579421043396 0.015126178041100502 0.9495 0.1931665539741516
313 0.043261900544166565 0.9504 0.38953009247779846 0.014753888361155987 0.9504 0.19343923032283783
314 0.042950745671987534 0.9511 0.3938513696193695 0.015425965189933777 0.9511 0.19455988705158234
315 0.04310023412108421 0.9502 0.3868403136730194 0.015416396781802177 0.9502 0.19283513724803925
316 0.04311040788888931 0.9503 0.38797515630722046 0.015981489792466164 0.9503 0.1926726996898651
317 0.0417979434132576 0.9515 0.3890421688556671 0.01441866159439087 0.9515 0.19289915263652802
318 0.04266158863902092 0.9515 0.3869282603263855 0.015166044235229492 0.9515 0.1918228268623352
319 0.04404235631227493 0.9498 0.39017412066459656 0.015395543538033962 0.9498 0.19326439499855042
320 0.0427580326795578 0.9507 0.38100141286849976 0.014538579620420933 0.9507 0.18964780867099762
321 0.04243605583906174 0.9513 0.3808462917804718 0.01356117520481348 0.9513 0.19013352692127228
322 0.04269193112850189 0.9506 0.38195380568504333 0.014629155397415161 0.9506 0.18992875516414642
323 0.04270974174141884 0.9507 0.38914114236831665 0.01445399783551693 0.9507 0.19308912754058838
324 0.043626636266708374 0.9502 0.3897470235824585 0.014889681711792946 0.9502 0.19323229789733887
325 0.042951446026563644 0.9509 0.387582004070282 0.01458992250263691 0.9509 0.19183877110481262
326 0.04268493503332138 0.9509 0.3837050199508667 0.014284779317677021 0.9509 0.19070012867450714
327 0.04315594583749771 0.9508 0.39111897349357605 0.01473080925643444 0.9508 0.19320183992385864
328 0.04288903623819351 0.9508 0.3856942057609558 0.014801260083913803 0.9508 0.19134004414081573
329 0.042458824813365936 0.9514 0.37900233268737793 0.014758019708096981 0.9514 0.1893855184316635
330 0.041954733431339264 0.9523 0.3887297809123993 0.014208235777914524 0.9523 0.19266638159751892
331 0.04245002567768097 0.9515 0.38610324263572693 0.013672430999577045 0.9515 0.19188781082630157
332 0.043449342250823975 0.9506 0.3885188102722168 0.01489265076816082 0.9506 0.19299574196338654
333 0.04448416084051132 0.9493 0.40000611543655396 0.01548561081290245 0.9493 0.19745558500289917
334 0.043225422501564026 0.9509 0.3949901759624481 0.015006616711616516 0.9509 0.1944602131843567
335 0.044357191771268845 0.9494 0.4082585573196411 0.0158915426582098 0.9494 0.20024794340133667
336 0.04413545876741409 0.9499 0.40209659934043884 0.014961478300392628 0.9499 0.1985376477241516
337 0.04461086913943291 0.9491 0.40134015679359436 0.015692589804530144 0.9491 0.19902360439300537
338 0.04425252974033356 0.9491 0.4051610231399536 0.015499565750360489 0.9491 0.20027798414230347
339 0.04217979311943054 0.9508 0.3924540579319 0.014022150076925755 0.9508 0.19542628526687622
340 0.043017614632844925 0.9505 0.3971790671348572 0.014159593731164932 0.9505 0.1971837878227234
341 0.04512622952461243 0.9488 0.4020814895629883 0.015991654247045517 0.9488 0.19832134246826172
342 0.044041410088539124 0.9499 0.40223729610443115 0.015122978016734123 0.9499 0.19856658577919006
343 0.045064717531204224 0.9492 0.411730021238327 0.016117829829454422 0.9492 0.2014784961938858
344 0.04272938147187233 0.9513 0.3999745845794678 0.013694658875465393 0.9513 0.19775564968585968
345 0.04486548900604248 0.9496 0.4009697735309601 0.015551935881376266 0.9496 0.19747094810009003
346 0.04383811727166176 0.95 0.39713165163993835 0.014660404995083809 0.95 0.19642037153244019
347 0.042159661650657654 0.9518 0.39013785123825073 0.013684715144336224 0.9518 0.1945144236087799
348 0.042688705027103424 0.9513 0.38672447204589844 0.014230518601834774 0.9513 0.1925756335258484
349 0.043451808393001556 0.9505 0.39675694704055786 0.013822054490447044 0.9505 0.19660405814647675